6.17623
6.17623
4.31727
4.31727
4.31727
4.04289
3.76343
3.76343
3.76343
3.6602
3.56531
3.56531
3.52322
3.5166
3.42913
3.42913
3.42913
3.42913
3.3396
3.3396
3.30183
3.23545
3.1291
3.1291
3.10374
3.10223
3.03493
3.03493
3.03028
3.03028
3.03028
3.03028
3.03028
3.03028
3.03028
3.03028
3.03028
3.03028
3.03028
3.03028
3.03028
3.03028
3.03028
3.03028
3.03028
3.03028
3.03028
3.03028
3.02999
3.02896
3.02674
3.02481
3.01369
3.01369
3.01369
3.01214
3.01214
3.01214
3.00923
3.00923
3.00923
3.00923
3.00923
3.00923
3.00923
3.00923
3.00923
3.00923
3.00923
3.00923
3.00887
3.00887
3.00887
3.00883
3.00879
3.00877
3.00842
3.00755
3.00734
3.00702
3.00646
3.00646
3.00642
3.00642
3.0061
3.0061
3.0061
3.0061
3.0061
3.00603
3.00603
3.00555
3.00555
3.00555
3.00555
3.00555
3.00555
3.00555
3.00555
3.00555
3.00532
3.00532
3.00523
3.0047
3.00302
3.00112
3.0003
2.99837
2.99837
2.99661
2.99514
2.99441
2.99272
2.99183
2.99068
2.98913
2.98776
2.98663
2.98532
2.98378
2.98039
2.97753
2.9644
2.9644
2.9644
2.9644
2.96247
2.96247
2.96247
2.96247
2.96247
2.96247
2.96247
2.96247
2.96247
2.96247
2.96247
2.96247
2.96247
2.96247
2.96247
2.96247
2.96247
2.96247
2.96247
2.96247
2.96247
2.96247
2.96247
2.96247
2.96247
2.96247
2.96247
2.96247
2.96247
2.96247
2.96247
2.96247
2.96247
2.96247
2.96247
2.96247
2.96247
2.96247
2.96247
2.96247
2.96245
2.96245
2.96245
2.96245
2.96245
2.96245
2.96245
2.96245
2.96245
2.96245
2.96245
2.96245
2.96245
2.96245
2.96245
2.96245
2.96245
2.96245
2.96245
2.96245
2.96245
2.96245
2.96245
2.96245
2.96245
2.96245
2.96245
2.96245
2.96245
2.96245
2.96245
2.96245
2.96245
2.96245
2.96245
2.96245
2.96245
2.96245
2.96245
2.96245
2.96245
2.96245
2.96245
2.96245
2.96245
2.96245
2.96245
2.96245
2.96245
2.96245
2.96245
2.96245
2.96245
2.96245
2.96245
2.96245
2.96245
2.96245
2.96245
2.96245
2.96245
2.96245
2.96245
2.96245
2.96245
2.96245
2.96245
2.96245
2.96245
2.96245
2.96245
2.96245
2.96245
2.96245
2.96245
2.96244
2.96244
2.96244
2.96244
2.96244
2.96244
2.96244
2.96244
2.96244
2.96244
2.96244
2.96244
2.96244
2.96244
2.96244
2.96244
2.96244
2.96244
2.96244
2.96244
2.96244
2.96244
2.96244
2.96244
2.96244
2.96244
2.96244
2.96244
2.96244
2.96244
2.96244
2.96244
2.96244
2.96244
2.96244
2.96244
2.96244
2.96244
2.96244
2.96244
2.96244
2.96244
2.96244
2.96244
2.96244
2.96244
2.96244
2.96244
2.96244
2.96244
2.96244
2.96244
2.96244
2.96244
2.96244
2.96244
2.96244
2.96244
2.96244
2.96244
2.96244
2.96244
2.96244
2.96244
2.96244
2.96244
2.96244
2.96244
2.96244
2.96244
2.96244
2.96244
2.96244
2.96244
2.96244
2.96244
2.96244
2.96244
2.96244
2.96244
2.96244
2.96244
2.96244
2.96244
2.96244
2.96244
2.96244
2.96244
2.96244
2.96244
2.96244
2.96244
2.96244
2.96244
2.96244
2.96244
2.96244
2.96244
2.96244
2.96244
2.96244
2.96244
2.96244
2.96244
2.96244
2.96244
2.96244
2.96244
2.96244
2.96244
2.96244
2.96244
2.96244
2.96244
2.96244
2.96244
2.96244
2.96244
2.96244
2.96244
2.96244
2.96244
2.96244
2.96244
2.96244
2.96244
2.96244
2.96244
2.96244
2.96244
2.96244
2.96244
2.96244
2.96244
2.96244
2.96244
2.96244
2.96244
2.96244
2.96244
2.96244
2.96244
2.96244
2.96244
2.96244
2.96244
2.96244
2.96244
2.96244
2.96244
2.96244
2.96244
2.96244
2.96244
2.96244
2.96244
2.96244
2.96244
2.96244
2.96244
2.96244
2.96244
2.96244
2.96244
2.96244
2.96244
2.96244
2.96244
2.96244
2.96244
2.96244
2.96244
2.96244
2.96244
2.96244
2.96244
2.96244
2.96244
2.96244
2.96244
2.96244
2.96244
2.96244
2.96244
2.96244
2.96244
2.96244
2.96244
2.96244
2.96244
2.96244
2.96244
2.96244
2.96244
2.96244
2.96244
2.96244
2.96244
2.96244
2.96244
2.96244
2.96244
2.96244
2.96244
2.96244
2.96244
2.96244
2.96244
2.96244
2.96244
2.96244
2.96244
2.96244
2.96244
2.96244
2.96244
2.96244
2.96244
2.96244
2.96244
2.96244
2.96244
2.96244
2.96244
2.96244
2.96244
2.96244
2.96244
2.96244
2.96244
2.96244
2.96244
2.96244
2.96244
2.96244
2.96244
2.96244
2.96244
2.96244
2.96244
2.96244
2.96244
2.96244
2.96244
2.96244
2.96244
2.96244
2.96244
2.96244
2.96244
2.96244
2.96244
2.96244
2.96244
2.96244
2.96244
2.96244
2.96244
2.96244
2.96244
2.96244
2.96244
2.96244
2.96244
2.96244
2.96244
2.96244
2.96244
2.96244
2.96244
2.96244
2.96244
2.96244
2.96244
2.96244
2.96244
2.96244
2.96244
2.96244
2.96244
2.96244
2.96244
2.96244
2.96244
2.96244
2.96244
2.96244
2.96244
2.96244
2.96244
2.96244
2.96244
2.96244
2.96244
2.96244
2.96244
2.96244
2.96244
2.96244
2.96244
2.96244
2.96244
2.96244
2.96244
2.96244
2.96244
2.96244
2.96244
2.96244
2.96244
2.96244
2.96244
2.96244
2.96244
2.96244
2.96244
2.96244
2.96244
2.96244
2.96244
2.96244
2.96244
2.96244
2.96244
2.96244
2.96244
2.96244
2.96244
2.96244
2.96244
2.96244
2.96244
2.96244
2.96244
2.96244
2.96244
2.96244
2.96244
2.96244
2.96244
2.96244
2.96244
2.96244
2.96244
2.96244
2.96244
2.96244
2.96244
2.96244
2.96244
2.96244
2.96244
2.96244
2.96244
2.96244
2.96244
2.96244
2.96244
2.96244
2.96244
2.96244
2.96244
2.96244
2.96244
2.96244
2.96244
2.96244
2.96244
2.96244
2.96244
2.96244
2.96244
2.96244
2.96244
2.96244
2.96244
2.96244
2.96244
2.96244
2.96244
2.96244
2.96244
2.96244
2.96244
2.96244
2.96244
2.96244
2.96244
2.96244
2.96244
2.96244
2.96244
2.96244
2.96244
2.96244
2.96244
2.96244
2.96244
2.96244
2.96244
2.96244
2.96244
2.96244
2.96244
2.96244
2.96244
2.96244
2.96244
2.96244
2.96244
2.96244
2.96244
2.96244
2.96244
2.96244
2.96244
2.96244
2.96244
2.96244
2.96244
2.96244
2.96244
2.96244
2.96244
2.96244
2.96244
2.96244
2.96244
2.96244
2.96244
2.96244
2.96244
2.96244
2.96244
2.96244
2.96244
2.96244
2.96244
2.96244
2.96244
2.96244
2.96244
2.96244
2.96244
2.96244
2.96244
2.96244
2.96244
2.96244
2.96244
2.96244
2.96244
2.96244
2.96244
2.96244
2.96244
2.96244
2.96244
2.96244
2.96244
2.96244
2.96244
2.96244
2.96244
2.96244
2.96244
2.96244
2.96244
2.96244
2.96244
2.96244
2.96244
2.96244
2.96244
2.96244
2.96244
2.96244
2.96244
2.96244
2.96244
2.96244
2.96244
2.96244
2.96244
2.96244
2.96244
2.96244
2.96244
2.96244
2.96244
2.96244
2.96244
2.96244
2.96244
2.96244
2.96244
2.96244
2.96244
2.96244
2.96244
2.96244
2.96244
2.96244
2.96244
2.96244
2.96244
2.96244
2.96244
2.96244
2.96244
2.96244
2.96244
2.96244
2.96244
2.96244
2.96244
2.96244
2.96244
2.96244
2.96244
2.96244
2.96244
2.96244
2.96244
2.96244
2.96244
2.96244
2.96244
2.96244
2.96244
2.96244
2.96244
2.96244
2.96244
2.96244
2.96244
2.96244
2.96244
2.96244
2.96244
2.96244
2.96244
2.96244
2.96244
2.96244
2.96244
2.96244
2.96244
2.96244
2.96244
2.96244
2.96244
2.96244
2.96244
2.96244
2.96244
2.96244
2.96244
2.96244
2.96244
2.96244
2.96244
2.96244
2.96244
2.96244
2.96244
2.96244
2.96244
2.96244
2.96244
2.96244
2.96244
2.96244
2.96244
2.96244
2.96244
2.96244
2.96244
2.96244
2.96244
2.96244
2.96244
2.96244
2.96244
2.96244
2.96244
2.96244
2.96244
2.96244
2.96244
2.96244
2.96244
2.96244
2.96244
2.96244
2.96244
2.96244
2.96244
2.96244
2.96244
2.96244
2.96244
2.96244
2.96244
2.96244
2.96244
2.96244
2.96244
2.96244
2.96244
2.96244
2.96244
2.96244
2.96244
2.96244
2.96244
2.96244
2.96244
2.96244
2.96244
2.96244
2.96244
2.96244
2.96244
2.96244
2.96244
2.96244
2.96244
2.96244
2.96244
2.96244
2.96244
2.96244
2.96244
2.96244
2.96244
2.96244
2.96244
2.96244
2.96244
2.96244
2.96244
2.96244
2.96244
2.96244
2.96244
2.96244
2.96244
2.96244
2.96244
2.96244
2.96244
2.96244
2.96244
2.96244
2.96244
2.96244
2.96244
2.96244
2.96244
2.96244
2.96244
2.96244
2.96244
2.96244
2.96244
2.96244
2.96244
2.96244
2.96244
2.96244
2.96244
2.96244
2.96244
2.96244
2.96244
2.96244
2.96244
2.96244
2.96244
2.96244
2.96244
2.96244
2.96244
2.96244
2.96244
2.96244
2.96244
2.96244
2.96244
2.96244
2.96244
2.96244
2.96244
2.96244
2.96244
2.96244
2.96244
2.96244
2.96244
2.96244
2.96244
2.96244
2.96244
2.96244
2.96244
2.96244
2.96244
2.96244
2.96244
2.96244
2.96244
2.96244
2.96244
2.96244
2.96244
2.96244
2.96244
2.96244
2.96244
2.96244
2.96244
2.96244
2.96244
2.96244
2.96244
2.96244
2.96244
2.96244
2.96244
2.96244
2.96244
2.96244
2.96244
2.96244
2.96244
2.96244
2.96244
2.96244
2.96244
2.96244
2.96244
2.96244
2.96244
2.96244
2.96244
2.96244
2.96244
2.96244
2.96244
2.96244
2.96244
2.96244
2.96244
2.96244
2.96244
2.96244
2.96244
2.96244
2.96244
