0,15,0
0,15,193.851712
0,15,387.703424
0,15,581.555135
0,15,775.406847
0,15,775.406847
0.199426736,15,793.593241
0.797610991,15,811.770884
1.79426494,15.0397271,829.93103
3.18890901,15.0706061,848.06494
3.18890901,15.0706061,848.06494
5.1672196,15.1144082,870.559037
7.1455302,15.1582102,893.053135
9.12384079,15.2020123,915.547232
11.1021514,15.2458143,938.041329
13.080462,15.2896164,960.535426
15.0587726,15.3334185,983.029523
17.0370832,15.3772205,1005.52362
19.0153938,15.4210226,1028.01772
20.9937044,15.4648246,1050.51181
22.972015,15.5086267,1073.00591
24.9503255,15.5524288,1095.50001
26.9286361,15.5962308,1117.99411
28.9069467,15.6400329,1140.4882
30.8852573,15.6838349,1162.9823
32.8635679,15.727637,1185.4764
34.8418785,15.7714391,1207.97049
36.8201891,15.8152411,1230.46459
38.7984997,15.8590432,1252.95869
40.7768103,15.9028452,1275.45279
42.7551209,15.9466473,1297.94688
44.7334315,15.9904494,1320.44098
46.7117421,16.0342514,1342.93508
48.6900527,16.0780535,1365.42917
50.6683633,16.1218555,1387.92327
52.6466739,16.1656576,1410.41737
54.6249845,16.2094597,1432.91147
56.6032951,16.2532617,1455.40556
58.5816057,16.2970638,1477.89966
60.5599163,16.3408658,1500.39376
62.5382269,16.3846679,1522.88785
64.5165374,16.4284699,1545.38195
66.494848,16.472272,1567.87605
68.4731586,16.5160741,1590.37015
70.4514692,16.5598761,1612.86424
72.4297798,16.6036782,1635.35834
74.4080904,16.6474802,1657.85244
76.386401,16.6912823,1680.34653
78.3647116,16.7350844,1702.84063
80.3430222,16.7788864,1725.33473
82.3213328,16.8226885,1747.82883
84.2996434,16.8664905,1770.32292
86.277954,16.9102926,1792.81702
88.2562646,16.9540947,1815.31112
90.2345752,16.9978967,1837.80521
92.2128858,17.0416988,1860.29931
94.1911964,17.0855008,1882.79341
96.169507,17.1293029,1905.28751
98.1478176,17.173105,1927.7816
100.126128,17.216907,1950.2757
102.104439,17.2607091,1972.7698
104.082749,17.3045111,1995.26389
106.06106,17.3483132,2017.75799
108.039371,17.3921153,2040.25209
110.017681,17.4359173,2062.74619
111.995992,17.4797194,2085.24028
113.974302,17.5235214,2107.73438
115.952613,17.5673235,2130.22848
117.930924,17.6111256,2152.72257
119.909234,17.6549276,2175.21667
121.887545,17.6987297,2197.71077
123.865855,17.7425317,2220.20487
125.844166,17.7863338,2242.69896
125.844166,17.7863338,2242.69896
127.450649,17.829194,2266.47595
128.092623,17.8652687,2290.29852
127.769035,17.8944985,2314.12754
126.480416,17.8789977,2337.9239
124.228882,17.902307,2361.64854
121.01813,17.9257125,2385.2625
116.853429,17.9492341,2408.727
111.741619,17.9728923,2432.00354
105.69109,17.9967078,2455.0539
98.7117773,18.0207019,2477.84023
90.8151385,17.8785535,2500.32512
82.0141381,17.8453866,2522.47166
72.323225,17.8054075,2544.24349
61.7583096,17.7586818,2565.60486
50.3367367,17.7052864,2586.52071
38.0772578,17.6453088,2606.9567
24.9999999,17.5788475,2626.87927
11.1264328,17.5060117,2646.25572
-3.52066663,17.4269208,2665.05423
-18.9172514,17.3417049,2683.24395
-35.0380439,17.2505037,2700.79501
-51.856578,17.1534669,2717.67859
-69.3452417,17.050754,2733.86699
-87.4753227,16.9425336,2749.33361
-106.217056,16.8289832,2764.05307
-125.539672,16.7102894,2778.0012
-145.411449,16.5866469,2791.1551
-145.411449,16.5866469,2791.1551
-168.645232,16.4412021,2805.86633
-191.879016,16.2957572,2820.57755
-215.1128,16.1503124,2835.28878
-238.346584,16.0048675,2850
-238.346584,16.0048675,2850
-244.932803,15.9401457,2854.14665
-251.539759,15.8283121,2858.25917
-258.167037,15.6693739,2862.3373
-264.814219,15.4633409,2866.38078
-264.814219,15.4633409,2866.38078
-279.454904,14.9584352,2875.23531
-294.095588,14.4535295,2884.08984
-294.095588,14.4535295,2884.08984
-305.570995,14.0653271,2890.90048
-317.158257,13.6883533,2897.51967
-328.85417,13.3227123,2903.94558
-340.6555,12.9685051,2910.17644
-352.558982,12.6258299,2916.21052
-364.561324,12.2947813,2922.04615
-376.659206,11.9754509,2927.68173
-388.849284,11.667927,2933.11568
-401.128186,11.3722947,2938.34652
-413.492515,11.0886357,2943.37278
-425.938853,10.8170285,2948.19309
-438.463756,10.5575482,2952.8061
-451.063761,10.3102666,2957.21055
-463.735384,10.075252,2961.40521
-476.47512,9.85256946,2965.38892
-489.279445,9.64228056,2969.16059
-502.144818,9.44444344,2972.71917
-515.067681,9.25911284,2976.06367
-528.04446,9.08633999,2979.19317
-541.071566,8.92617269,2982.10681
-554.145397,8.77865524,2984.80378
-567.262336,8.64382842,2987.28333
-580.418756,8.52172953,2989.54477
-593.611018,8.41239234,2991.58749
-606.835474,8.31584709,2993.41092
-620.088467,8.23212047,2995.01455
-633.36633,8.16123565,2996.39793
-646.665392,8.10321223,2997.5607
-659.981975,8.05806624,2998.50251
-673.312395,8.02581019,2999.22313
-686.652967,8.21104283,2999.72233
-700,8,3000
-700,8,3000
-713.114754,8,3000.16393
-726.229508,8,3000.32787
-739.344262,8,3000.4918
-752.459016,8,3000.65574
-765.57377,8,3000.81967
-778.688525,8,3000.98361
-791.803279,8,3001.14754
-804.918033,8,3001.31148
-818.032787,8,3001.47541
-831.147541,8,3001.63934
-844.262295,8,3001.80328
-857.377049,8,3001.96721
-870.491803,8,3002.13115
-883.606557,8,3002.29508
-896.721311,8,3002.45902
-909.836066,8,3002.62295
-922.95082,8,3002.78689
-936.065574,8,3002.95082
-949.180328,8,3003.11475
-962.295082,8,3003.27869
-975.409836,8,3003.44262
-988.52459,8,3003.60656
-1001.63934,8,3003.77049
-1014.7541,8,3003.93443
-1027.86885,8,3004.09836
-1040.98361,8,3004.2623
-1054.09836,8,3004.42623
-1067.21311,8,3004.59016
-1080.32787,8,3004.7541
-1093.44262,8,3004.91803
-1106.55738,8,3005.08197
-1119.67213,8,3005.2459
-1132.78689,8,3005.40984
-1145.90164,8,3005.57377
-1159.01639,8,3005.7377
-1172.13115,8,3005.90164
-1185.2459,8,3006.06557
-1198.36066,8,3006.22951
-1211.47541,8,3006.39344
-1224.59016,8,3006.55738
-1237.70492,8,3006.72131
-1250.81967,8,3006.88525
-1263.93443,8,3007.04918
-1277.04918,8,3007.21311
-1290.16393,8,3007.37705
-1303.27869,8,3007.54098
-1316.39344,8,3007.70492
-1329.5082,8,3007.86885
-1342.62295,8,3008.03279
-1355.7377,8,3008.19672
-1368.85246,8,3008.36066
-1381.96721,8,3008.52459
-1395.08197,8,3008.68852
-1408.19672,8,3008.85246
-1421.31148,8,3009.01639
-1434.42623,8,3009.18033
-1447.54098,8,3009.34426
-1460.65574,8,3009.5082
-1473.77049,8,3009.67213
-1486.88525,8,3009.83607
-1500,8,3010
