md, inc, azi
0,0,0
44.4629,0,0
88.9258,0,0
133.389,0,0
177.852,0,0
222.315,0,0
266.777,0,0
311.24,0,0
355.703,0,0
400.166,0,0
400.166,0,0
418.201,1.58142,296.046
436.236,3.16284,296.046
454.271,4.74426,296.046
472.306,6.32569,296.046
490.341,7.90711,296.046
508.376,9.48853,296.046
526.411,11.07,296.046
544.446,12.6514,296.046
562.482,14.2328,296.046
580.517,15.8142,296.046
598.552,17.3956,296.046
616.587,18.9771,296.046
634.622,20.5585,296.046
652.657,22.1399,296.046
670.692,23.7213,296.046
688.727,25.3027,296.046
706.762,26.8842,296.046
724.797,28.4656,296.046
742.832,30.047,296.046
742.832,30.047,296.046
764.995,30.047,296.046
787.157,30.047,296.046
809.32,30.047,296.046
831.483,30.047,296.046
853.646,30.047,296.046
875.809,30.047,296.046
897.971,30.047,296.046
920.134,30.047,296.046
942.297,30.047,296.046
942.297,30.047,296.046
987.789,29.2582,294.882
1033.28,28.48,293.659
1078.77,27.7132,292.375
1124.26,26.959,291.024
1169.76,26.2183,289.601
1215.25,25.4923,288.103
1260.74,24.7824,286.524
1306.23,24.09,284.859
1351.72,23.4165,283.102
1397.22,22.7638,281.25
1442.71,22.1337,279.295
1488.2,21.5281,277.235
1533.69,20.9492,275.063
1579.18,20.3992,272.777
1624.68,19.8805,270.373
1670.17,19.3958,267.85
1715.66,18.9475,265.207
1761.15,18.5384,262.447
1806.64,18.171,259.573
1806.64,18.171,259.573
1842.7,18.171,259.573
1878.76,18.171,259.573
1914.82,18.171,259.573
1950.88,18.171,259.573
1986.94,18.171,259.573
2023,18.171,259.573
2059.06,18.171,259.573
2095.12,18.171,259.573
2131.18,18.171,259.573
2131.18,18.171,259.573
2162.48,17.2238,259.546
2193.78,16.2766,259.516
2225.07,15.3294,259.482
2256.37,14.3822,259.444
2287.67,13.4351,259.4
2318.97,12.4879,259.351
2350.27,11.5407,259.293
2381.57,10.5936,259.225
2412.86,9.64645,259.144
2444.16,8.69934,259.045
2475.46,7.75226,258.922
2506.76,6.80523,258.766
2538.06,5.85826,258.559
2569.35,4.9114,258.273
2600.65,3.96472,257.851
2631.95,3.01839,257.164
2663.25,2.07289,255.851
2694.55,1.13029,252.344
2725.85,0.229711,218.853
2725.85,0.229711,218.853
2727.55,0.229711,218.853
2729.26,0.229711,218.853
2730.96,0.229711,218.853
2732.67,0.229711,218.853
2734.37,0.229711,218.853
2736.08,0.229711,218.853
2737.78,0.229711,218.853
2739.49,0.229711,218.853
2741.2,0.229711,218.853
2741.2,0.229711,218.853
2741.31,0.228364,222.556
2741.43,0.227981,226.287
2741.54,0.228565,230.015
2741.66,0.23011,233.708
2741.77,0.232595,237.337
2741.89,0.235992,240.876
2742,0.240262,244.301
2742.12,0.245359,247.596
2742.23,0.251233,250.747
2742.23,0.251233,250.747
2745.25,0.251233,250.747
2748.27,0.251233,250.747
2751.29,0.251233,250.747
2754.31,0.251233,250.747
2757.33,0.251233,250.747
2760.35,0.251233,250.747
2763.37,0.251233,250.747
2766.39,0.251233,250.747
2769.41,0.251233,250.747
2772.43,0.251233,250.747
2775.45,0.251233,250.747
2778.47,0.251233,250.747
2781.49,0.251233,250.747
2784.51,0.251233,250.747
2787.53,0.251233,250.747
2790.55,0.251233,250.747
2793.57,0.251233,250.747
2796.59,0.251233,250.747
2799.61,0.251233,250.747
2802.63,0.251233,250.747
2805.65,0.251233,250.747
2808.67,0.251233,250.747
2811.69,0.251233,250.747
2814.71,0.251233,250.747
2817.73,0.251233,250.747
2820.75,0.251233,250.747
2823.77,0.251233,250.747
2826.79,0.251233,250.747
2829.81,0.251233,250.747
2832.83,0.251233,250.747
2835.85,0.251233,250.747
2838.87,0.251233,250.747
2841.89,0.251233,250.747
2844.91,0.251233,250.747
2847.93,0.251233,250.747
2850.95,0.251233,250.747
2853.97,0.251233,250.747
2856.99,0.251233,250.747
2860.01,0.251233,250.747
2863.03,0.251233,250.747
2866.05,0.251233,250.747
2869.07,0.251233,250.747
2872.09,0.251233,250.747
2875.11,0.251233,250.747
2878.13,0.251233,250.747
2881.15,0.251233,250.747
2884.17,0.251233,250.747
2887.19,0.251233,250.747
2890.2,0.251233,250.747
2893.22,0.251233,250.747
2896.24,0.251233,250.747
2899.26,0.251233,250.747
2902.28,0.251233,250.747
2905.3,0.251233,250.747
2908.32,0.251233,250.747
2911.34,0.251233,250.747
2914.36,0.251233,250.747
2917.38,0.251233,250.747
2920.4,0.251233,250.747
2923.42,0.251233,250.747
2926.44,0.251233,250.747
2929.46,0.251233,250.747
2932.48,0.251233,250.747
2935.5,0.251233,250.747
2938.52,0.251233,250.747
2941.54,0.251233,250.747
2944.56,0.251233,250.747
2947.58,0.251233,250.747
2950.6,0.251233,250.747
2953.62,0.251233,250.747
2956.64,0.251233,250.747
2959.66,0.251233,250.747
2962.68,0.251233,250.747
2965.7,0.251233,250.747
2968.72,0.251233,250.747
2971.74,0.251233,250.747
2974.76,0.251233,250.747
2977.78,0.251233,250.747
2980.8,0.251233,250.747
2983.82,0.251233,250.747
2986.84,0.251233,250.747
2989.86,0.251233,250.747
2992.88,0.251233,250.747
2995.9,0.251233,250.747
2998.92,0.251233,250.747
3001.94,0.251233,250.747
3004.96,0.251233,250.747
3007.98,0.251233,250.747
3011,0.251233,250.747
3014.02,0.251233,250.747
3017.04,0.251233,250.747
3020.06,0.251233,250.747
3023.08,0.251233,250.747
3026.1,0.251233,250.747
3029.12,0.251233,250.747
3032.14,0.251233,250.747
3035.16,0.251233,250.747
3038.18,0.251233,250.747
3041.2,0.251233,250.747
